45.1003 265.248 64.4399 285.104 8 0.310757 
179.555 85.5422 260.366 164.489 48 0.876212 
47.2082 24.1369 103.062 80.0388 48 0.963458 
108.236 84.4782 184.899 157.64 48 0.887561 
4.1261 43.8456 67.7587 110.029 48 0.967839 
72.162 0 126.961 42.5102 48 0.964521 
259.276 94.9642 309.955 148.521 48 0.980861 
166.273 18.8039 272.495 104.399 48 0.885421 
0 84.6868 44.0386 154.588 48 0.882291 
215.287 181.124 306.543 275.786 48 0.758062 
136.545 162.846 195.565 227.183 48 0.987237 
34.0079 185.745 105.591 251.683 48 0.829613 
325.912 65.8785 407.78 153.906 48 0.80368 
455.973 145.753 535.877 218.615 48 0.521241 
255.732 33.5893 296.546 73.5691 48 0.938929 
254.909 0 344.252 53.8096 48 0.681726 
268.057 46.5243 319.396 93.9142 48 0.941284 
33.2121 132.06 150.953 243.916 48 0.670913 
133.675 48.1696 211.382 118.854 48 0.880594 
503.669 117.297 558.36 179.033 48 0.664572 
203.27 0.841709 290.601 82.8153 48 0.755137 
54.2997 238.203 93.705 277.437 48 0.784514 
361.251 1.56576 447.583 52.7554 48 0.593723 
169.859 0 221.785 21.0116 48 0.515137 
34.8378 233.145 73.9298 269.68 48 0.867403 
221.208 138.665 273.439 184.9 48 0.958391 
104.934 0 161.216 18.7596 48 0.470953 
304.145 123.987 383.213 205.289 48 0.820415 
134.939 232.136 202.673 286.365 48 0.879768 
497.371 147.066 541.428 195.202 48 0.930769 
100.064 0.231145 163.807 22.3674 50 0.404877 
220.979 192.999 305.737 271.791 51 0.504258 
419.447 179.289 501.824 245.68 51 0.792959 
400.214 18.3983 487.324 86.158 51 0.981514 
4.0362 197.985 65.0848 256.513 51 0.871788 
174.781 0.0250874 214.227 21.316 51 0.322771 
250.465 4.03094 335.752 54.0043 51 0.641403 
60.0972 236.758 142.674 298.539 51 0.967637 
204.724 2.78032 297.965 71.6483 51 0.789356 
390.187 212.176 480.545 292.628 51 0.988208 
302.413 118.574 392.425 208.985 51 0.661281 
314.058 61.7587 416.276 168.44 51 0.534871 
207.826 0 261.235 41.4133 51 0.941137 
315.498 1.37477 380.628 23.3281 51 0.745881 
487.555 0 528.797 20.2237 51 0.416696 
96.9574 250.441 183.507 317.974 51 0.975183 
185.361 231.651 272.131 303.953 51 0.937638 
105.167 0.521183 173.712 22.7038 51 0.334349 
362.789 0 451.239 47.0166 51 0.447814 
38.0212 132.143 159.746 244.888 51 0.513174 
